Generacion   Cromosoma                                                         Lista                                                     Distancia                                                                                                                                             
0               1               [1, 4, 9, 25, 15, 22, 12, 10, 6, 2, 8, 20, 17, 13, 14, 5, 23, 21, 19, 11, 24, 7, 3, 18, 16, 1]       145.8107525657059                                                                                                                                     
0               2               [1, 24, 25, 10, 16, 4, 9, 7, 3, 22, 2, 21, 18, 23, 20, 17, 11, 15, 5, 8, 6, 19, 12, 13, 14, 1]       117.77145491416735                                                                                                                                    
0               3               [1, 12, 21, 6, 5, 7, 25, 24, 23, 20, 22, 11, 16, 8, 17, 15, 4, 14, 9, 3, 19, 10, 18, 2, 13, 1]       107.78489785741527                                                                                                                                    
0               4               [1, 9, 11, 19, 18, 15, 21, 6, 7, 10, 13, 20, 22, 12, 23, 24, 4, 5, 14, 16, 17, 2, 25, 8, 3, 1]       123.98798090019841                                                                                                                                    
0               5               [1, 8, 21, 4, 5, 17, 14, 2, 9, 10, 7, 12, 22, 20, 25, 13, 15, 23, 3, 24, 6, 11, 18, 16, 19, 1]       142.19643181824648                                                                                                                                    
0               6               [1, 8, 25, 3, 24, 19, 9, 20, 22, 16, 2, 21, 14, 10, 17, 12, 7, 5, 23, 15, 4, 6, 18, 11, 13, 1]       137.65808890968518                                                                                                                                    
0               7               [1, 23, 17, 2, 9, 7, 15, 25, 16, 3, 11, 21, 8, 12, 22, 18, 14, 13, 10, 4, 24, 20, 19, 5, 6, 1]       127.35222565206189                                                                                                                                    
0               8               [1, 17, 14, 20, 21, 10, 4, 5, 16, 12, 9, 23, 18, 7, 3, 19, 22, 2, 6, 8, 11, 24, 15, 13, 25, 1]       135.07196320563565                                                                                                                                    
0               9               [1, 10, 17, 11, 14, 23, 12, 8, 5, 6, 16, 9, 24, 19, 13, 2, 25, 7, 20, 4, 22, 15, 3, 21, 18, 1]       131.80344357623153                                                                                                                                    
0               10              [1, 20, 8, 3, 12, 24, 19, 25, 13, 23, 14, 7, 21, 16, 10, 2, 4, 5, 11, 17, 18, 9, 6, 22, 15, 1]       145.63263517790017                                                                                                                                    
0               11              [1, 10, 15, 7, 3, 17, 22, 13, 8, 5, 14, 11, 19, 4, 21, 2, 20, 23, 6, 18, 25, 24, 12, 9, 16, 1]       105.99177668115794                                                                                                                                    
0               12              [1, 15, 20, 10, 13, 17, 14, 21, 12, 23, 4, 16, 24, 8, 22, 19, 9, 3, 6, 18, 11, 2, 7, 5, 25, 1]       143.05726918279123                                                                                                                                    
0               13              [1, 18, 20, 8, 16, 10, 5, 11, 17, 2, 4, 23, 19, 14, 12, 25, 24, 7, 15, 3, 9, 13, 21, 6, 22, 1]       131.35330333168844                                                                                                                                    
0               14              [1, 3, 7, 16, 22, 20, 11, 13, 4, 21, 6, 12, 18, 14, 8, 2, 15, 19, 10, 5, 9, 25, 23, 24, 17, 1]       122.73254712206942                                                                                                                                    
0               15              [1, 25, 17, 4, 15, 19, 5, 22, 8, 3, 23, 21, 14, 13, 12, 11, 9, 18, 24, 16, 20, 10, 2, 6, 7, 1]       147.97614807868553                                                                                                                                    
0               16              [1, 12, 4, 24, 15, 6, 20, 19, 16, 3, 10, 21, 13, 11, 2, 17, 7, 22, 25, 8, 23, 18, 9, 5, 14, 1]       146.35272558941517                                                                                                                                    
0               17              [1, 7, 24, 10, 15, 16, 8, 18, 11, 2, 4, 21, 17, 9, 23, 14, 3, 5, 25, 13, 6, 19, 20, 12, 22, 1]       138.5203967633925                                                                                                                                     
0               18              [1, 5, 22, 12, 23, 10, 19, 20, 6, 9, 7, 8, 17, 16, 14, 3, 11, 13, 21, 15, 18, 24, 2, 4, 25, 1]       129.79981188854015                                                                                                                                    
0               19              [1, 10, 7, 4, 8, 18, 11, 12, 2, 24, 19, 16, 21, 5, 14, 13, 15, 22, 6, 23, 20, 17, 9, 3, 25, 1]       129.96039857034071                                                                                                                                    
0               20              [1, 18, 9, 25, 21, 5, 11, 22, 7, 12, 13, 17, 23, 3, 16, 4, 20, 15, 24, 8, 6, 14, 2, 10, 19, 1]       154.96183896470023                                                                                                                                    
0               21              [1, 3, 15, 12, 2, 16, 19, 17, 6, 9, 13, 10, 18, 14, 24, 21, 20, 11, 8, 22, 25, 5, 4, 23, 7, 1]       137.20104981731726                                                                                                                                    
0               22              [1, 7, 13, 6, 24, 15, 18, 21, 4, 19, 12, 23, 9, 14, 2, 16, 25, 20, 3, 8, 10, 22, 11, 17, 5, 1]       137.55907667924362                                                                                                                                    
0               23              [1, 19, 24, 11, 9, 16, 7, 12, 23, 15, 2, 5, 25, 20, 4, 18, 21, 3, 8, 10, 13, 22, 14, 6, 17, 1]       121.52544883929089                                                                                                                                    
0               24              [1, 11, 16, 25, 21, 13, 2, 12, 17, 20, 15, 19, 22, 3, 23, 5, 10, 14, 4, 8, 9, 18, 7, 6, 24, 1]       124.35541553150203                                                                                                                                    
0               25              [1, 19, 15, 2, 5, 17, 25, 24, 6, 4, 21, 9, 20, 14, 8, 23, 18, 13, 3, 22, 7, 11, 16, 10, 12, 1]       143.29340682259888                                                                                                                                    
0               26              [1, 20, 7, 15, 25, 24, 12, 22, 18, 5, 19, 11, 23, 2, 21, 6, 4, 17, 10, 3, 9, 13, 16, 8, 14, 1]       124.78671721606445                                                                                                                                    
0               27              [1, 23, 20, 8, 19, 7, 24, 22, 12, 4, 9, 5, 17, 3, 11, 16, 2, 14, 25, 15, 18, 6, 10, 21, 13, 1]       141.8433757371171                                                                                                                                     
0               28              [1, 18, 16, 17, 11, 19, 5, 6, 7, 14, 25, 4, 15, 20, 21, 10, 22, 9, 24, 13, 23, 8, 12, 3, 2, 1]       147.8002048317203                                                                                                                                     
0               29              [1, 12, 8, 24, 16, 20, 11, 19, 15, 22, 10, 2, 7, 9, 25, 4, 17, 18, 21, 13, 3, 6, 14, 23, 5, 1]       153.6794929103755                                                                                                                                     
0               30              [1, 25, 2, 7, 21, 20, 3, 12, 23, 17, 24, 13, 19, 5, 6, 11, 4, 10, 9, 15, 22, 16, 8, 14, 18, 1]       122.65145159220128                                                                                                                                    
0               31              [1, 25, 2, 17, 8, 19, 9, 7, 13, 12, 24, 23, 15, 6, 4, 18, 22, 14, 20, 16, 3, 11, 10, 21, 5, 1]       134.93160954981724                                                                                                                                    
0               32              [1, 2, 5, 23, 13, 25, 19, 7, 16, 9, 22, 4, 20, 17, 8, 15, 21, 3, 6, 18, 10, 12, 24, 11, 14, 1]       133.74037036622445                                                                                                                                    
0               33              [1, 16, 24, 22, 11, 7, 20, 9, 17, 3, 4, 18, 25, 10, 2, 5, 8, 14, 13, 15, 6, 19, 21, 12, 23, 1]       124.28500292468648                                                                                                                                    
0               34              [1, 24, 12, 23, 19, 7, 10, 8, 15, 14, 16, 3, 5, 6, 21, 22, 18, 13, 20, 2, 9, 11, 4, 17, 25, 1]       107.68691398975639                                                                                                                                    
0               35              [1, 9, 17, 20, 7, 13, 6, 3, 16, 2, 25, 11, 19, 4, 24, 8, 18, 22, 23, 12, 15, 10, 21, 14, 5, 1]       136.25777590439927                                                                                                                                    
0               36              [1, 20, 14, 7, 22, 25, 6, 17, 23, 9, 21, 5, 16, 24, 11, 10, 18, 15, 3, 12, 4, 8, 19, 13, 2, 1]       139.24610834371424                                                                                                                                    
0               37              [1, 2, 15, 13, 22, 18, 6, 3, 19, 12, 25, 23, 7, 14, 17, 11, 21, 9, 4, 16, 10, 5, 8, 24, 20, 1]       124.89233350354166                                                                                                                                    
0               38              [1, 6, 24, 3, 25, 10, 19, 20, 17, 8, 11, 16, 12, 18, 22, 13, 21, 7, 9, 5, 2, 23, 15, 4, 14, 1]       131.67654683841752                                                                                                                                    
0               39              [1, 16, 22, 25, 24, 6, 18, 15, 13, 4, 19, 5, 2, 21, 8, 14, 11, 17, 9, 7, 23, 3, 20, 10, 12, 1]       130.58670573688238                                                                                                                                    
0               40              [1, 6, 10, 11, 2, 21, 7, 4, 17, 18, 14, 19, 16, 9, 15, 13, 3, 20, 5, 24, 25, 23, 12, 22, 8, 1]       113.27998046933052                                                                                                                                    
0               41              [1, 24, 20, 4, 7, 2, 16, 3, 14, 5, 6, 12, 18, 9, 21, 15, 13, 10, 8, 23, 22, 11, 25, 17, 19, 1]       140.48381213957634                                                                                                                                    
0               42              [1, 14, 16, 3, 9, 15, 12, 19, 5, 11, 24, 18, 17, 10, 20, 8, 21, 22, 25, 13, 23, 7, 6, 2, 4, 1]       140.5470093365985                                                                                                                                     
0               43              [1, 13, 23, 6, 14, 5, 2, 21, 4, 16, 7, 18, 10, 22, 25, 15, 9, 12, 20, 24, 19, 3, 8, 17, 11, 1]       129.93072719598268                                                                                                                                    
0               44              [1, 25, 22, 14, 24, 4, 12, 9, 10, 7, 17, 15, 3, 16, 20, 5, 18, 19, 11, 2, 6, 23, 21, 8, 13, 1]       134.62408378682318                                                                                                                                    
0               45              [1, 21, 24, 22, 20, 10, 4, 8, 13, 25, 7, 9, 12, 23, 11, 16, 6, 18, 15, 3, 19, 14, 5, 2, 17, 1]       125.47569409742793                                                                                                                                    
0               46              [1, 20, 19, 8, 10, 5, 12, 2, 13, 14, 6, 15, 9, 11, 18, 24, 16, 3, 25, 22, 7, 23, 4, 17, 21, 1]       131.38476636716268                                                                                                                                    
0               47              [1, 20, 5, 21, 4, 10, 14, 3, 2, 13, 16, 11, 15, 19, 17, 25, 22, 9, 23, 24, 7, 6, 18, 8, 12, 1]       143.11812749793398                                                                                                                                    
0               48              [1, 23, 3, 2, 16, 8, 11, 15, 25, 7, 4, 24, 12, 13, 17, 9, 21, 19, 6, 20, 5, 10, 18, 22, 14, 1]       140.9858421217559                                                                                                                                     
0               49              [1, 9, 19, 14, 7, 24, 22, 4, 12, 23, 8, 18, 3, 16, 5, 13, 10, 17, 20, 21, 2, 6, 15, 25, 11, 1]       134.20582334407655                                                                                                                                    
0               50              [1, 10, 17, 24, 7, 16, 22, 6, 9, 18, 19, 15, 11, 23, 2, 20, 12, 3, 5, 8, 25, 21, 4, 14, 13, 1]       127.39685519857439                                                                                                                                    
0               51              [1, 17, 22, 4, 9, 20, 7, 10, 2, 24, 13, 8, 25, 21, 16, 3, 23, 5, 15, 14, 19, 6, 18, 12, 11, 1]       139.80079909037505                                                                                                                                    
0               52              [1, 2, 7, 24, 25, 10, 20, 6, 23, 9, 21, 13, 4, 18, 11, 3, 16, 12, 8, 15, 22, 17, 14, 5, 19, 1]       142.56670516281798                                                                                                                                    
0               53              [1, 7, 3, 19, 10, 25, 14, 9, 6, 2, 18, 13, 20, 4, 22, 17, 24, 5, 11, 8, 15, 23, 21, 16, 12, 1]       142.9366865508148                                                                                                                                     
0               54              [1, 19, 11, 4, 22, 14, 15, 7, 10, 18, 23, 2, 9, 5, 25, 17, 13, 3, 12, 8, 24, 6, 16, 21, 20, 1]       132.77327170845567                                                                                                                                    
0               55              [1, 6, 20, 13, 22, 23, 14, 11, 24, 18, 21, 12, 9, 16, 15, 10, 19, 25, 5, 2, 17, 4, 3, 7, 8, 1]       118.46618461940162                                                                                                                                    
0               56              [1, 7, 17, 19, 13, 3, 6, 16, 11, 9, 15, 2, 5, 14, 23, 12, 25, 21, 20, 22, 8, 10, 18, 24, 4, 1]       121.86409046340908                                                                                                                                    
0               57              [1, 20, 24, 18, 6, 25, 2, 8, 17, 15, 3, 9, 7, 23, 14, 21, 13, 19, 5, 22, 16, 12, 4, 10, 11, 1]       141.59103725259362                                                                                                                                    
0               58              [1, 22, 5, 18, 16, 7, 4, 9, 19, 10, 14, 12, 15, 24, 25, 17, 8, 20, 6, 21, 13, 23, 2, 11, 3, 1]       138.45632112348156                                                                                                                                    
0               59              [1, 22, 13, 24, 12, 17, 6, 23, 15, 20, 7, 18, 5, 14, 21, 19, 2, 16, 10, 3, 4, 9, 8, 11, 25, 1]       136.79909981460176                                                                                                                                    
0               60              [1, 19, 21, 20, 3, 10, 12, 18, 17, 22, 24, 4, 16, 14, 5, 9, 23, 13, 25, 6, 15, 7, 11, 2, 8, 1]       135.047255540876                                                                                                                                      
0               61              [1, 8, 21, 12, 4, 16, 15, 7, 24, 9, 11, 22, 13, 5, 23, 25, 10, 17, 6, 2, 14, 3, 20, 18, 19, 1]       133.93006335201508                                                                                                                                    
0               62              [1, 3, 12, 23, 4, 17, 14, 18, 13, 15, 5, 8, 2, 16, 19, 21, 11, 7, 9, 6, 24, 10, 25, 20, 22, 1]       127.48639073082786                                                                                                                                    
0               63              [1, 5, 4, 6, 12, 19, 8, 10, 7, 3, 23, 20, 9, 14, 25, 13, 15, 21, 16, 2, 24, 18, 17, 11, 22, 1]       139.51248710889485                                                                                                                                    
0               64              [1, 15, 12, 23, 4, 22, 9, 7, 20, 11, 24, 3, 17, 10, 21, 14, 8, 13, 5, 6, 19, 16, 25, 18, 2, 1]       142.54597190955596                                                                                                                                    
0               65              [1, 14, 5, 17, 18, 12, 13, 24, 22, 4, 2, 15, 7, 16, 6, 23, 19, 3, 20, 9, 11, 21, 8, 10, 25, 1]       134.57875517987412                                                                                                                                    
0               66              [1, 7, 4, 21, 5, 18, 14, 24, 6, 12, 10, 8, 19, 17, 20, 2, 25, 13, 16, 11, 3, 23, 15, 22, 9, 1]       153.84093500190204                                                                                                                                    
0               67              [1, 5, 19, 18, 4, 7, 23, 11, 25, 8, 24, 16, 22, 17, 6, 14, 21, 2, 15, 3, 20, 9, 10, 13, 12, 1]       152.2623411642768                                                                                                                                     
0               68              [1, 5, 22, 15, 18, 25, 23, 6, 21, 16, 12, 17, 8, 13, 24, 19, 2, 14, 20, 11, 3, 4, 10, 9, 7, 1]       125.24486650196808                                                                                                                                    
0               69              [1, 24, 2, 7, 20, 8, 6, 4, 21, 13, 17, 25, 3, 12, 15, 18, 23, 10, 11, 19, 22, 14, 9, 16, 5, 1]       130.1513831988359                                                                                                                                     
0               70              [1, 20, 18, 14, 12, 2, 24, 21, 15, 11, 17, 23, 3, 19, 8, 25, 22, 4, 16, 7, 13, 5, 6, 9, 10, 1]       129.56305395516574                                                                                                                                    
0               71              [1, 24, 23, 4, 22, 16, 14, 17, 18, 20, 10, 5, 11, 25, 6, 7, 8, 19, 13, 15, 12, 2, 3, 21, 9, 1]       142.44306565021876                                                                                                                                    
0               72              [1, 15, 3, 25, 24, 9, 17, 2, 14, 13, 11, 7, 23, 6, 4, 8, 19, 16, 10, 20, 5, 18, 22, 21, 12, 1]       127.6451986177694                                                                                                                                     
0               73              [1, 25, 5, 9, 22, 4, 3, 15, 2, 23, 19, 14, 8, 20, 6, 17, 13, 12, 24, 18, 10, 16, 11, 21, 7, 1]       141.7808339978369                                                                                                                                     
0               74              [1, 10, 11, 9, 15, 22, 13, 7, 17, 19, 16, 2, 20, 21, 6, 18, 5, 12, 23, 4, 24, 14, 25, 8, 3, 1]       145.65707583508427                                                                                                                                    
0               75              [1, 11, 5, 18, 3, 4, 7, 6, 16, 14, 8, 25, 12, 21, 23, 19, 15, 9, 24, 2, 22, 13, 20, 10, 17, 1]       125.85608291151271                                                                                                                                    
0               76              [1, 11, 8, 10, 7, 17, 5, 2, 12, 19, 25, 6, 13, 18, 4, 3, 22, 14, 23, 16, 24, 15, 9, 20, 21, 1]       131.79972123930747                                                                                                                                    
0               77              [1, 5, 2, 25, 15, 6, 20, 13, 4, 12, 14, 22, 8, 9, 21, 24, 7, 3, 17, 18, 19, 16, 11, 23, 10, 1]       143.56560321156803                                                                                                                                    
0               78              [1, 4, 21, 13, 23, 22, 2, 17, 25, 14, 8, 5, 16, 6, 20, 3, 9, 7, 24, 19, 10, 18, 12, 15, 11, 1]       126.60005795483838                                                                                                                                    
0               79              [1, 3, 25, 15, 7, 8, 16, 24, 17, 5, 6, 19, 23, 21, 20, 14, 4, 9, 2, 22, 11, 13, 18, 10, 12, 1]       116.1396740875001                                                                                                                                     
0               80              [1, 8, 22, 17, 24, 13, 19, 21, 6, 25, 2, 9, 14, 15, 16, 20, 5, 7, 11, 3, 12, 4, 10, 18, 23, 1]       133.92216419201378                                                                                                                                    
0               81              [1, 24, 23, 25, 19, 11, 20, 17, 14, 22, 6, 10, 2, 7, 4, 12, 9, 13, 16, 8, 5, 15, 3, 18, 21, 1]       124.7577976864545                                                                                                                                     
0               82              [1, 12, 5, 2, 23, 8, 20, 24, 14, 9, 19, 13, 15, 11, 17, 21, 16, 22, 6, 3, 18, 10, 4, 25, 7, 1]       150.95470533354197                                                                                                                                    
0               83              [1, 7, 9, 18, 23, 3, 19, 2, 8, 12, 21, 17, 10, 6, 5, 11, 4, 24, 20, 13, 14, 22, 15, 16, 25, 1]       133.86613861623084                                                                                                                                    
0               84              [1, 25, 19, 20, 10, 18, 11, 24, 16, 21, 8, 3, 4, 7, 17, 23, 9, 6, 12, 15, 2, 22, 5, 14, 13, 1]       143.0952468599282                                                                                                                                     
0               85              [1, 22, 7, 5, 17, 10, 9, 12, 3, 14, 18, 15, 6, 16, 25, 19, 21, 11, 23, 8, 13, 20, 24, 2, 4, 1]       125.53594094199173                                                                                                                                    
0               86              [1, 20, 5, 17, 9, 22, 16, 18, 3, 14, 10, 4, 19, 23, 7, 25, 12, 21, 6, 11, 15, 24, 8, 13, 2, 1]       144.990274078622                                                                                                                                      
0               87              [1, 2, 7, 19, 22, 21, 15, 5, 23, 18, 12, 20, 25, 14, 9, 24, 16, 3, 17, 8, 10, 4, 13, 6, 11, 1]       125.1326804638468                                                                                                                                     
0               88              [1, 21, 25, 13, 7, 18, 3, 19, 11, 20, 14, 16, 15, 6, 5, 9, 2, 23, 8, 12, 10, 22, 24, 17, 4, 1]       133.91738899421614                                                                                                                                    
0               89              [1, 14, 3, 17, 25, 7, 16, 2, 6, 15, 5, 8, 13, 24, 11, 21, 12, 23, 20, 4, 10, 22, 18, 9, 19, 1]       129.12506657576597                                                                                                                                    
0               90              [1, 2, 5, 14, 18, 3, 19, 12, 24, 15, 8, 4, 17, 23, 9, 16, 25, 21, 7, 13, 20, 10, 22, 6, 11, 1]       134.7376361337264                                                                                                                                     
0               91              [1, 11, 4, 8, 23, 3, 19, 15, 10, 25, 16, 17, 20, 12, 2, 5, 18, 24, 6, 14, 22, 13, 9, 7, 21, 1]       135.1003053224946                                                                                                                                     
0               92              [1, 25, 13, 24, 11, 15, 19, 8, 21, 17, 23, 6, 14, 12, 10, 18, 9, 5, 20, 2, 4, 7, 22, 3, 16, 1]       151.485092348798                                                                                                                                      
0               93              [1, 17, 21, 13, 7, 2, 3, 18, 14, 19, 10, 23, 20, 22, 8, 5, 4, 12, 15, 25, 6, 16, 11, 9, 24, 1]       150.5782982808018                                                                                                                                     
0               94              [1, 8, 13, 7, 19, 25, 10, 21, 3, 5, 12, 14, 16, 20, 24, 23, 22, 2, 17, 18, 9, 11, 6, 4, 15, 1]       133.743135583104                                                                                                                                      
0               95              [1, 10, 13, 22, 9, 2, 6, 23, 15, 20, 11, 21, 3, 5, 16, 18, 14, 8, 19, 7, 12, 25, 4, 24, 17, 1]       144.7712015880993                                                                                                                                     
0               96              [1, 11, 10, 3, 18, 24, 19, 9, 20, 6, 17, 4, 23, 8, 21, 14, 16, 13, 15, 25, 12, 22, 7, 2, 5, 1]       151.41064964522235                                                                                                                                    
0               97              [1, 24, 16, 3, 20, 21, 10, 25, 13, 15, 18, 11, 23, 14, 5, 17, 12, 6, 22, 19, 8, 7, 4, 9, 2, 1]       130.58264015384293                                                                                                                                    
0               98              [1, 3, 12, 23, 24, 7, 10, 22, 16, 14, 2, 20, 25, 4, 21, 15, 18, 17, 5, 13, 8, 6, 9, 19, 11, 1]       130.1776407983272                                                                                                                                     
0               99              [1, 7, 11, 9, 10, 18, 3, 8, 21, 17, 23, 13, 24, 20, 22, 6, 4, 19, 14, 12, 5, 15, 25, 16, 2, 1]       146.53073496624347                                                                                                                                    
0               100             [1, 2, 13, 6, 16, 8, 17, 18, 23, 21, 9, 3, 19, 14, 24, 25, 20, 7, 10, 15, 22, 4, 12, 5, 11, 1]       120.98289957533795                                                                                                                                    

0               11              [1, 10, 15, 7, 3, 17, 22, 13, 8, 5, 14, 11, 19, 4, 21, 2, 20, 23, 6, 18, 25, 24, 12, 9, 16, 1]       105.99177668115794                                                                                                                                    
0               34              [1, 24, 12, 23, 19, 7, 10, 8, 15, 14, 16, 3, 5, 6, 21, 22, 18, 13, 20, 2, 9, 11, 4, 17, 25, 1]       107.68691398975639                                                                                                                                    
0               3               [1, 12, 21, 6, 5, 7, 25, 24, 23, 20, 22, 11, 16, 8, 17, 15, 4, 14, 9, 3, 19, 10, 18, 2, 13, 1]       107.78489785741527                                                                                                                                    
0               40              [1, 6, 10, 11, 2, 21, 7, 4, 17, 18, 14, 19, 16, 9, 15, 13, 3, 20, 5, 24, 25, 23, 12, 22, 8, 1]       113.27998046933052                                                                                                                                    
0               79              [1, 3, 25, 15, 7, 8, 16, 24, 17, 5, 6, 19, 23, 21, 20, 14, 4, 9, 2, 22, 11, 13, 18, 10, 12, 1]       116.1396740875001                                                                                                                                     
0               2               [1, 24, 25, 10, 16, 4, 9, 7, 3, 22, 2, 21, 18, 23, 20, 17, 11, 15, 5, 8, 6, 19, 12, 13, 14, 1]       117.77145491416735                                                                                                                                    
0               55              [1, 6, 20, 13, 22, 23, 14, 11, 24, 18, 21, 12, 9, 16, 15, 10, 19, 25, 5, 2, 17, 4, 3, 7, 8, 1]       118.46618461940162                                                                                                                                    
0               100             [1, 2, 13, 6, 16, 8, 17, 18, 23, 21, 9, 3, 19, 14, 24, 25, 20, 7, 10, 15, 22, 4, 12, 5, 11, 1]       120.98289957533795                                                                                                                                    
0               23              [1, 19, 24, 11, 9, 16, 7, 12, 23, 15, 2, 5, 25, 20, 4, 18, 21, 3, 8, 10, 13, 22, 14, 6, 17, 1]       121.52544883929089                                                                                                                                    
0               56              [1, 7, 17, 19, 13, 3, 6, 16, 11, 9, 15, 2, 5, 14, 23, 12, 25, 21, 20, 22, 8, 10, 18, 24, 4, 1]       121.86409046340908                                                                                                                                    
0               30              [1, 25, 2, 7, 21, 20, 3, 12, 23, 17, 24, 13, 19, 5, 6, 11, 4, 10, 9, 15, 22, 16, 8, 14, 18, 1]       122.65145159220128                                                                                                                                    
0               14              [1, 3, 7, 16, 22, 20, 11, 13, 4, 21, 6, 12, 18, 14, 8, 2, 15, 19, 10, 5, 9, 25, 23, 24, 17, 1]       122.73254712206942                                                                                                                                    
0               4               [1, 9, 11, 19, 18, 15, 21, 6, 7, 10, 13, 20, 22, 12, 23, 24, 4, 5, 14, 16, 17, 2, 25, 8, 3, 1]       123.98798090019841                                                                                                                                    
0               33              [1, 16, 24, 22, 11, 7, 20, 9, 17, 3, 4, 18, 25, 10, 2, 5, 8, 14, 13, 15, 6, 19, 21, 12, 23, 1]       124.28500292468648                                                                                                                                    
0               24              [1, 11, 16, 25, 21, 13, 2, 12, 17, 20, 15, 19, 22, 3, 23, 5, 10, 14, 4, 8, 9, 18, 7, 6, 24, 1]       124.35541553150203                                                                                                                                    
0               81              [1, 24, 23, 25, 19, 11, 20, 17, 14, 22, 6, 10, 2, 7, 4, 12, 9, 13, 16, 8, 5, 15, 3, 18, 21, 1]       124.7577976864545                                                                                                                                     
0               26              [1, 20, 7, 15, 25, 24, 12, 22, 18, 5, 19, 11, 23, 2, 21, 6, 4, 17, 10, 3, 9, 13, 16, 8, 14, 1]       124.78671721606445                                                                                                                                    
0               37              [1, 2, 15, 13, 22, 18, 6, 3, 19, 12, 25, 23, 7, 14, 17, 11, 21, 9, 4, 16, 10, 5, 8, 24, 20, 1]       124.89233350354166                                                                                                                                    
0               87              [1, 2, 7, 19, 22, 21, 15, 5, 23, 18, 12, 20, 25, 14, 9, 24, 16, 3, 17, 8, 10, 4, 13, 6, 11, 1]       125.1326804638468                                                                                                                                     
0               68              [1, 5, 22, 15, 18, 25, 23, 6, 21, 16, 12, 17, 8, 13, 24, 19, 2, 14, 20, 11, 3, 4, 10, 9, 7, 1]       125.24486650196808                                                                                                                                    
0               45              [1, 21, 24, 22, 20, 10, 4, 8, 13, 25, 7, 9, 12, 23, 11, 16, 6, 18, 15, 3, 19, 14, 5, 2, 17, 1]       125.47569409742793                                                                                                                                    
0               85              [1, 22, 7, 5, 17, 10, 9, 12, 3, 14, 18, 15, 6, 16, 25, 19, 21, 11, 23, 8, 13, 20, 24, 2, 4, 1]       125.53594094199173                                                                                                                                    
0               75              [1, 11, 5, 18, 3, 4, 7, 6, 16, 14, 8, 25, 12, 21, 23, 19, 15, 9, 24, 2, 22, 13, 20, 10, 17, 1]       125.85608291151271                                                                                                                                    
0               78              [1, 4, 21, 13, 23, 22, 2, 17, 25, 14, 8, 5, 16, 6, 20, 3, 9, 7, 24, 19, 10, 18, 12, 15, 11, 1]       126.60005795483838                                                                                                                                    
0               7               [1, 23, 17, 2, 9, 7, 15, 25, 16, 3, 11, 21, 8, 12, 22, 18, 14, 13, 10, 4, 24, 20, 19, 5, 6, 1]       127.35222565206189                                                                                                                                    
0               50              [1, 10, 17, 24, 7, 16, 22, 6, 9, 18, 19, 15, 11, 23, 2, 20, 12, 3, 5, 8, 25, 21, 4, 14, 13, 1]       127.39685519857439                                                                                                                                    
0               62              [1, 3, 12, 23, 4, 17, 14, 18, 13, 15, 5, 8, 2, 16, 19, 21, 11, 7, 9, 6, 24, 10, 25, 20, 22, 1]       127.48639073082786                                                                                                                                    
0               72              [1, 15, 3, 25, 24, 9, 17, 2, 14, 13, 11, 7, 23, 6, 4, 8, 19, 16, 10, 20, 5, 18, 22, 21, 12, 1]       127.6451986177694                                                                                                                                     
0               89              [1, 14, 3, 17, 25, 7, 16, 2, 6, 15, 5, 8, 13, 24, 11, 21, 12, 23, 20, 4, 10, 22, 18, 9, 19, 1]       129.12506657576597                                                                                                                                    
0               70              [1, 20, 18, 14, 12, 2, 24, 21, 15, 11, 17, 23, 3, 19, 8, 25, 22, 4, 16, 7, 13, 5, 6, 9, 10, 1]       129.56305395516574                                                                                                                                    
0               18              [1, 5, 22, 12, 23, 10, 19, 20, 6, 9, 7, 8, 17, 16, 14, 3, 11, 13, 21, 15, 18, 24, 2, 4, 25, 1]       129.79981188854015                                                                                                                                    
0               43              [1, 13, 23, 6, 14, 5, 2, 21, 4, 16, 7, 18, 10, 22, 25, 15, 9, 12, 20, 24, 19, 3, 8, 17, 11, 1]       129.93072719598268                                                                                                                                    
0               19              [1, 10, 7, 4, 8, 18, 11, 12, 2, 24, 19, 16, 21, 5, 14, 13, 15, 22, 6, 23, 20, 17, 9, 3, 25, 1]       129.96039857034071                                                                                                                                    
0               69              [1, 24, 2, 7, 20, 8, 6, 4, 21, 13, 17, 25, 3, 12, 15, 18, 23, 10, 11, 19, 22, 14, 9, 16, 5, 1]       130.1513831988359                                                                                                                                     
0               98              [1, 3, 12, 23, 24, 7, 10, 22, 16, 14, 2, 20, 25, 4, 21, 15, 18, 17, 5, 13, 8, 6, 9, 19, 11, 1]       130.1776407983272                                                                                                                                     
0               97              [1, 24, 16, 3, 20, 21, 10, 25, 13, 15, 18, 11, 23, 14, 5, 17, 12, 6, 22, 19, 8, 7, 4, 9, 2, 1]       130.58264015384293                                                                                                                                    
0               39              [1, 16, 22, 25, 24, 6, 18, 15, 13, 4, 19, 5, 2, 21, 8, 14, 11, 17, 9, 7, 23, 3, 20, 10, 12, 1]       130.58670573688238                                                                                                                                    
0               13              [1, 18, 20, 8, 16, 10, 5, 11, 17, 2, 4, 23, 19, 14, 12, 25, 24, 7, 15, 3, 9, 13, 21, 6, 22, 1]       131.35330333168844                                                                                                                                    
0               46              [1, 20, 19, 8, 10, 5, 12, 2, 13, 14, 6, 15, 9, 11, 18, 24, 16, 3, 25, 22, 7, 23, 4, 17, 21, 1]       131.38476636716268                                                                                                                                    
0               38              [1, 6, 24, 3, 25, 10, 19, 20, 17, 8, 11, 16, 12, 18, 22, 13, 21, 7, 9, 5, 2, 23, 15, 4, 14, 1]       131.67654683841752                                                                                                                                    
0               76              [1, 11, 8, 10, 7, 17, 5, 2, 12, 19, 25, 6, 13, 18, 4, 3, 22, 14, 23, 16, 24, 15, 9, 20, 21, 1]       131.79972123930747                                                                                                                                    
0               9               [1, 10, 17, 11, 14, 23, 12, 8, 5, 6, 16, 9, 24, 19, 13, 2, 25, 7, 20, 4, 22, 15, 3, 21, 18, 1]       131.80344357623153                                                                                                                                    
0               54              [1, 19, 11, 4, 22, 14, 15, 7, 10, 18, 23, 2, 9, 5, 25, 17, 13, 3, 12, 8, 24, 6, 16, 21, 20, 1]       132.77327170845567                                                                                                                                    
0               32              [1, 2, 5, 23, 13, 25, 19, 7, 16, 9, 22, 4, 20, 17, 8, 15, 21, 3, 6, 18, 10, 12, 24, 11, 14, 1]       133.74037036622445                                                                                                                                    
0               94              [1, 8, 13, 7, 19, 25, 10, 21, 3, 5, 12, 14, 16, 20, 24, 23, 22, 2, 17, 18, 9, 11, 6, 4, 15, 1]       133.743135583104                                                                                                                                      
0               83              [1, 7, 9, 18, 23, 3, 19, 2, 8, 12, 21, 17, 10, 6, 5, 11, 4, 24, 20, 13, 14, 22, 15, 16, 25, 1]       133.86613861623084                                                                                                                                    
0               88              [1, 21, 25, 13, 7, 18, 3, 19, 11, 20, 14, 16, 15, 6, 5, 9, 2, 23, 8, 12, 10, 22, 24, 17, 4, 1]       133.91738899421614                                                                                                                                    
0               80              [1, 8, 22, 17, 24, 13, 19, 21, 6, 25, 2, 9, 14, 15, 16, 20, 5, 7, 11, 3, 12, 4, 10, 18, 23, 1]       133.92216419201378                                                                                                                                    
0               61              [1, 8, 21, 12, 4, 16, 15, 7, 24, 9, 11, 22, 13, 5, 23, 25, 10, 17, 6, 2, 14, 3, 20, 18, 19, 1]       133.93006335201508                                                                                                                                    
0               49              [1, 9, 19, 14, 7, 24, 22, 4, 12, 23, 8, 18, 3, 16, 5, 13, 10, 17, 20, 21, 2, 6, 15, 25, 11, 1]       134.20582334407655                                                                                                                                    

1               1               [1, 10, 12, 23, 3, 7, 25, 8, 15, 5, 14, 11, 19, 6, 21, 22, 18, 13, 20, 2, 9, 24, 4, 17, 16, 1]       128.37523772501225                                                                                                                                    
1               2               [1, 12, 21, 6, 2, 7, 25, 4, 23, 18, 14, 11, 16, 9, 17, 15, 3, 20, 5, 24, 19, 10, 8, 22, 13, 1]       136.96484190099966                                                                                                                                    
1               3               [1, 3, 25, 15, 7, 4, 16, 24, 14, 22, 2, 19, 23, 21, 20, 17, 11, 9, 5, 8, 6, 13, 18, 10, 12, 1]       123.88923194880296                                                                                                                                    
1               4               [1, 6, 13, 11, 16, 23, 17, 18, 24, 21, 9, 3, 19, 14, 15, 25, 20, 7, 10, 2, 22, 4, 12, 5, 8, 1]       132.83268769206572                                                                                                                                    
1               5               [1, 19, 24, 4, 13, 3, 7, 16, 11, 9, 15, 2, 5, 14, 23, 12, 25, 21, 20, 22, 8, 10, 18, 6, 17, 1]       120.51027737693127                                                                                                                                    
1               6               [1, 25, 2, 7, 22, 20, 3, 13, 4, 21, 6, 12, 18, 14, 8, 11, 15, 19, 10, 5, 9, 16, 23, 24, 17, 1]       129.64427552784372                                                                                                                                    
1               7               [1, 9, 24, 22, 11, 15, 20, 6, 7, 3, 4, 18, 25, 10, 2, 5, 8, 14, 13, 16, 17, 19, 21, 12, 23, 1]       126.52188295787481                                                                                                                                    
1               8               [1, 11, 23, 25, 19, 21, 20, 17, 14, 22, 6, 10, 2, 7, 4, 12, 9, 13, 16, 8, 5, 15, 3, 18, 24, 1]       125.75357028370058                                                                                                                                    
1               9               [1, 20, 15, 13, 22, 18, 6, 3, 19, 12, 25, 23, 7, 2, 17, 11, 21, 9, 4, 16, 10, 5, 8, 24, 14, 1]       132.24236501855873                                                                                                                                    
1               10              [1, 2, 22, 19, 18, 21, 15, 5, 23, 16, 12, 17, 25, 13, 9, 24, 7, 14, 20, 8, 3, 4, 10, 6, 11, 1]       135.21547074585047                                                                                                                                    
1               11              [1, 21, 24, 22, 20, 10, 9, 12, 3, 25, 7, 15, 6, 16, 11, 19, 4, 18, 23, 8, 13, 14, 5, 2, 17, 1]       124.67385838094457                                                                                                                                    
1               12              [1, 11, 5, 13, 3, 4, 7, 6, 16, 14, 8, 25, 12, 21, 23, 19, 15, 9, 24, 2, 22, 18, 20, 10, 17, 1]       124.4703114462453                                                                                                                                     
1               13              [1, 23, 17, 24, 7, 16, 22, 6, 9, 18, 19, 15, 11, 12, 2, 20, 14, 3, 10, 8, 25, 21, 4, 5, 13, 1]       140.9035911642213                                                                                                                                     
1               14              [1, 3, 12, 23, 24, 17, 14, 18, 13, 15, 11, 7, 2, 6, 4, 8, 19, 16, 9, 20, 5, 10, 25, 21, 22, 1]       118.45529985927483                                                                                                                                    
1               15              [1, 14, 18, 10, 12, 2, 16, 21, 15, 11, 17, 23, 3, 24, 8, 25, 22, 4, 20, 7, 13, 5, 6, 9, 19, 1]       151.98561392143299                                                                                                                                    
1               16              [1, 5, 23, 12, 14, 10, 2, 21, 6, 16, 7, 18, 17, 22, 25, 15, 9, 13, 20, 24, 19, 3, 8, 4, 11, 1]       124.59197540134082                                                                                                                                    
1               17              [1, 10, 2, 7, 8, 18, 6, 4, 21, 24, 17, 25, 3, 12, 15, 13, 23, 22, 11, 19, 20, 14, 9, 16, 5, 1]       118.57253035318925                                                                                                                                    
1               18              [1, 3, 16, 2, 24, 21, 10, 25, 13, 15, 18, 20, 23, 14, 5, 17, 12, 6, 22, 19, 8, 7, 4, 9, 11, 1]       121.17105202670572                                                                                                                                    
1               19              [1, 16, 20, 8, 24, 10, 18, 15, 17, 2, 4, 5, 19, 14, 12, 25, 11, 7, 9, 3, 23, 13, 21, 6, 22, 1]       149.80939501568153                                                                                                                                    
1               20              [1, 20, 19, 3, 10, 5, 12, 14, 13, 8, 6, 15, 9, 11, 18, 24, 16, 7, 25, 22, 2, 23, 4, 17, 21, 1]       130.49326892162162                                                                                                                                    
1               21              [1, 11, 17, 10, 14, 23, 12, 8, 5, 6, 16, 9, 24, 19, 13, 2, 25, 7, 20, 4, 22, 15, 3, 21, 18, 1]       128.97501645148532                                                                                                                                    
1               22              [1, 19, 11, 4, 22, 25, 15, 7, 16, 9, 23, 2, 20, 5, 8, 17, 13, 3, 6, 18, 10, 12, 24, 21, 14, 1]       120.9718696621828                                                                                                                                     
1               23              [1, 8, 13, 7, 23, 3, 19, 2, 25, 12, 21, 14, 10, 20, 5, 11, 4, 24, 17, 18, 9, 22, 6, 16, 15, 1]       142.19590167849458                                                                                                                                    
1               24              [1, 21, 25, 17, 24, 13, 19, 23, 11, 20, 14, 16, 15, 6, 5, 9, 2, 7, 8, 3, 12, 22, 10, 18, 4, 1]       122.53691797028165                                                                                                                                    
1               25              [1, 8, 21, 12, 7, 16, 22, 4, 24, 9, 11, 18, 3, 5, 23, 13, 10, 17, 20, 2, 14, 6, 15, 25, 19, 1]       146.0475190076146                                                                                                                                     
1               26              [1, 10, 21, 6, 3, 7, 22, 24, 8, 5, 14, 11, 19, 4, 17, 15, 20, 23, 9, 18, 25, 13, 12, 2, 16, 1]       143.59407192555224                                                                                                                                    
1               27              [1, 24, 10, 11, 2, 21, 7, 4, 17, 18, 14, 19, 16, 6, 15, 13, 3, 20, 5, 8, 9, 23, 12, 22, 25, 1]       131.49072207287549                                                                                                                                    
1               28              [1, 12, 25, 6, 7, 8, 16, 24, 17, 5, 22, 19, 23, 21, 20, 15, 4, 14, 9, 3, 11, 10, 18, 2, 13, 1]       110.8552112442527                                                                                                                                     
1               29              [1, 6, 25, 10, 16, 4, 9, 7, 3, 22, 2, 21, 18, 23, 20, 17, 11, 15, 5, 24, 14, 19, 12, 13, 8, 1]       133.9459809745131                                                                                                                                     
1               30              [1, 3, 20, 13, 7, 23, 16, 11, 24, 5, 6, 12, 9, 21, 15, 14, 19, 25, 2, 22, 17, 4, 18, 10, 8, 1]       139.03519638470235                                                                                                                                    
1               31              [1, 24, 25, 10, 16, 8, 9, 18, 3, 22, 2, 21, 19, 23, 11, 17, 20, 7, 5, 15, 6, 4, 12, 13, 14, 1]       118.5599365816504                                                                                                                                     
1               32              [1, 6, 24, 11, 22, 16, 14, 12, 23, 18, 21, 5, 9, 20, 15, 10, 19, 25, 8, 2, 13, 4, 3, 7, 17, 1]       138.2002301236577                                                                                                                                     
1               33              [1, 2, 17, 19, 13, 8, 6, 16, 11, 21, 9, 3, 5, 14, 23, 12, 25, 7, 20, 15, 22, 10, 18, 24, 4, 1]       141.5500512804159                                                                                                                                     
1               34              [1, 19, 2, 7, 21, 20, 3, 12, 23, 17, 24, 13, 25, 5, 6, 11, 4, 10, 9, 15, 22, 16, 8, 14, 18, 1]       123.55234138970506                                                                                                                                    
1               35              [1, 7, 17, 16, 22, 3, 6, 13, 11, 21, 15, 12, 18, 14, 8, 2, 25, 19, 20, 5, 9, 10, 23, 24, 4, 1]       126.7897597714723                                                                                                                                     
1               36              [1, 25, 11, 19, 18, 15, 21, 6, 7, 10, 13, 20, 22, 12, 23, 24, 4, 5, 9, 16, 17, 2, 8, 14, 3, 1]       114.08222553138665                                                                                                                                    
1               37              [1, 3, 7, 16, 22, 20, 11, 13, 4, 23, 6, 12, 18, 14, 2, 5, 8, 19, 10, 15, 9, 25, 21, 24, 17, 1]       122.70583170485439                                                                                                                                    
1               38              [1, 9, 11, 25, 21, 13, 2, 6, 17, 20, 15, 19, 22, 12, 23, 5, 10, 14, 4, 16, 24, 18, 7, 8, 3, 1]       120.69639023748603                                                                                                                                    
1               39              [1, 16, 24, 25, 19, 11, 20, 17, 14, 22, 6, 10, 2, 7, 4, 12, 9, 13, 21, 8, 5, 15, 3, 18, 23, 1]       135.69239133030044                                                                                                                                    
1               40              [1, 11, 7, 25, 21, 24, 2, 12, 18, 20, 15, 19, 22, 3, 23, 5, 4, 17, 10, 8, 9, 13, 16, 6, 14, 1]       121.6916574889231                                                                                                                                     
1               41              [1, 24, 15, 13, 19, 11, 6, 3, 14, 22, 25, 23, 2, 7, 17, 12, 21, 9, 4, 16, 10, 5, 8, 18, 20, 1]       121.36936555818689                                                                                                                                    
1               42              [1, 20, 7, 19, 22, 21, 15, 5, 23, 18, 12, 11, 25, 2, 9, 24, 16, 3, 17, 8, 10, 4, 13, 6, 14, 1]       131.85038590638345                                                                                                                                    
1               43              [1, 2, 22, 15, 18, 25, 23, 6, 21, 16, 12, 17, 8, 13, 24, 19, 7, 14, 4, 11, 3, 5, 10, 9, 20, 1]       126.48334309905957                                                                                                                                    
1               44              [1, 2, 24, 19, 22, 21, 4, 8, 13, 25, 7, 20, 12, 23, 9, 16, 6, 18, 15, 3, 10, 14, 5, 17, 11, 1]       114.9959424226084                                                                                                                                     
1               45              [1, 5, 22, 4, 17, 10, 9, 12, 3, 14, 18, 15, 6, 16, 25, 19, 21, 11, 23, 8, 13, 20, 24, 2, 7, 1]       132.65664941265618                                                                                                                                    
1               46              [1, 21, 5, 18, 3, 4, 7, 6, 16, 14, 8, 25, 12, 23, 11, 19, 15, 9, 24, 2, 22, 13, 20, 10, 17, 1]       131.95681026024954                                                                                                                                    
1               47              [1, 22, 21, 13, 23, 11, 2, 17, 25, 14, 8, 5, 16, 6, 20, 3, 9, 7, 24, 19, 10, 18, 12, 15, 4, 1]       123.18225520473156                                                                                                                                    
1               48              [1, 11, 5, 2, 9, 7, 15, 25, 16, 3, 6, 21, 8, 12, 23, 18, 14, 13, 24, 4, 22, 20, 19, 10, 17, 1]       134.5446517180501                                                                                                                                     
1               49              [1, 4, 17, 24, 7, 16, 22, 6, 25, 18, 19, 15, 11, 23, 2, 20, 9, 3, 5, 8, 10, 21, 12, 14, 13, 1]       134.00971930945798                                                                                                                                    
1               50              [1, 23, 12, 22, 9, 17, 15, 18, 13, 3, 11, 8, 2, 16, 19, 21, 14, 7, 10, 4, 24, 20, 25, 5, 6, 1]       127.94328893076533                                                                                                                                    
1               51              [1, 10, 8, 7, 3, 21, 22, 13, 17, 5, 14, 11, 19, 4, 15, 2, 20, 23, 6, 18, 25, 24, 12, 9, 16, 1]       102.13644250877607                                                                                                                                    
1               52              [1, 24, 25, 15, 19, 7, 16, 8, 17, 5, 6, 3, 23, 21, 20, 14, 4, 9, 2, 22, 11, 13, 18, 10, 12, 1]       110.75627945275875                                                                                                                                    
1               53              [1, 12, 21, 10, 5, 7, 25, 24, 3, 22, 2, 11, 16, 23, 20, 17, 4, 15, 9, 8, 6, 19, 18, 13, 14, 1]       110.9174636449055                                                                                                                                     
1               54              [1, 6, 20, 13, 22, 23, 14, 11, 24, 18, 21, 12, 9, 16, 15, 10, 19, 25, 5, 2, 17, 4, 3, 7, 8, 1]       118.46618461940162                                                                                                                                    
1               55              [1, 3, 25, 6, 16, 8, 17, 24, 23, 5, 9, 11, 19, 21, 20, 14, 4, 7, 2, 15, 22, 13, 18, 10, 12, 1]       116.99805715479704                                                                                                                                    
1               56              [1, 24, 17, 11, 16, 4, 9, 7, 3, 22, 2, 5, 25, 23, 20, 18, 21, 15, 8, 10, 13, 19, 12, 6, 14, 1]       116.33687684229228                                                                                                                                    
1               57              [1, 6, 17, 19, 13, 3, 14, 11, 24, 9, 15, 2, 5, 16, 23, 12, 25, 21, 20, 22, 8, 10, 18, 7, 4, 1]       118.02457753377854                                                                                                                                    
1               58              [1, 2, 18, 7, 21, 20, 3, 12, 23, 17, 24, 13, 19, 5, 6, 25, 4, 10, 9, 15, 22, 16, 8, 14, 11, 1]       123.97272806843704                                                                                                                                    
1               59              [1, 19, 7, 16, 22, 20, 11, 13, 4, 21, 6, 12, 18, 14, 8, 2, 15, 3, 10, 5, 9, 25, 23, 24, 17, 1]       125.69224413501941                                                                                                                                    
1               60              [1, 7, 17, 19, 18, 15, 21, 6, 11, 9, 13, 2, 22, 14, 23, 12, 4, 5, 20, 16, 8, 10, 25, 24, 3, 1]       128.42344917658477                                                                                                                                    
1               61              [1, 25, 24, 22, 11, 7, 20, 9, 17, 3, 4, 18, 19, 10, 2, 5, 8, 14, 13, 15, 6, 16, 21, 12, 23, 1]       111.94019495301794                                                                                                                                    
1               62              [1, 3, 7, 16, 22, 20, 11, 13, 17, 21, 15, 12, 18, 14, 8, 2, 10, 19, 4, 5, 9, 25, 23, 6, 24, 1]       137.34709996804077                                                                                                                                    
1               63              [1, 9, 23, 19, 18, 11, 20, 17, 7, 22, 6, 10, 2, 12, 4, 24, 21, 13, 14, 16, 5, 15, 25, 8, 3, 1]       132.4887736151605                                                                                                                                     
1               64              [1, 16, 7, 15, 25, 24, 20, 22, 18, 5, 4, 11, 23, 10, 2, 6, 8, 17, 13, 3, 9, 19, 21, 12, 14, 1]       122.57930402643159                                                                                                                                    
1               65              [1, 11, 15, 13, 22, 18, 2, 3, 19, 12, 25, 23, 7, 14, 17, 20, 21, 9, 4, 16, 10, 5, 8, 6, 24, 1]       120.54457678190845                                                                                                                                    
1               66              [1, 24, 7, 25, 19, 21, 15, 5, 23, 22, 6, 20, 2, 14, 9, 12, 16, 3, 17, 8, 10, 4, 13, 18, 11, 1]       123.46931665066255                                                                                                                                    
1               67              [1, 20, 22, 15, 18, 25, 23, 6, 21, 5, 12, 17, 8, 13, 24, 19, 2, 14, 10, 11, 3, 4, 16, 9, 7, 1]       115.13256345019254                                                                                                                                    
1               68              [1, 2, 15, 22, 20, 10, 6, 8, 13, 25, 7, 9, 12, 23, 11, 16, 21, 18, 4, 3, 19, 14, 5, 24, 17, 1]       141.97026666259816                                                                                                                                    
1               69              [1, 2, 7, 5, 22, 10, 9, 12, 23, 14, 18, 15, 6, 16, 25, 19, 21, 3, 17, 8, 13, 20, 24, 4, 11, 1]       125.64466440912395                                                                                                                                    
1               70              [1, 5, 22, 15, 18, 4, 7, 6, 16, 14, 8, 25, 12, 21, 23, 19, 2, 9, 24, 11, 3, 13, 20, 10, 17, 1]       134.81685611066357                                                                                                                                    
1               71              [1, 21, 24, 13, 23, 22, 4, 17, 25, 14, 8, 5, 16, 6, 20, 3, 9, 7, 15, 19, 10, 18, 12, 2, 11, 1]       118.27953625931056                                                                                                                                    
1               72              [1, 22, 7, 2, 17, 10, 9, 12, 3, 14, 11, 15, 8, 16, 25, 18, 21, 13, 23, 4, 24, 20, 19, 5, 6, 1]       131.68651003284495                                                                                                                                    
1               73              [1, 11, 5, 18, 7, 16, 22, 6, 9, 14, 19, 15, 13, 23, 2, 20, 12, 3, 24, 8, 25, 21, 4, 10, 17, 1]       135.76945459346766                                                                                                                                    
1               74              [1, 4, 21, 13, 23, 17, 14, 18, 25, 15, 5, 8, 2, 16, 19, 3, 11, 7, 9, 6, 24, 10, 12, 20, 22, 1]       144.46423646502228                                                                                                                                    
1               75              [1, 23, 17, 25, 24, 9, 15, 2, 16, 3, 11, 7, 8, 6, 22, 18, 14, 13, 10, 4, 5, 20, 19, 21, 12, 1]       111.44750084431416                                                                                                                                    
1               76              [1, 10, 15, 7, 3, 8, 16, 24, 17, 5, 6, 11, 19, 21, 20, 14, 4, 23, 2, 22, 25, 13, 18, 9, 12, 1]       113.67430546683963                                                                                                                                    
1               77              [1, 24, 25, 10, 16, 4, 9, 7, 3, 22, 2, 21, 18, 23, 20, 17, 11, 15, 5, 8, 6, 19, 12, 13, 14, 1]       117.77145491416735                                                                                                                                    
1               78              [1, 12, 20, 6, 22, 23, 14, 11, 24, 18, 21, 8, 9, 16, 15, 10, 19, 25, 5, 2, 17, 4, 3, 7, 13, 1]       124.59685970615027                                                                                                                                    
1               79              [1, 6, 13, 11, 2, 21, 7, 4, 17, 18, 9, 19, 16, 14, 24, 25, 3, 20, 10, 15, 22, 23, 12, 5, 8, 1]       125.73760629174204                                                                                                                                    
1               80              [1, 3, 24, 15, 7, 8, 16, 12, 23, 5, 6, 19, 25, 20, 4, 18, 21, 9, 2, 22, 11, 13, 14, 10, 17, 1]       117.03971652646109                                                                                                                                    
1               81              [1, 24, 17, 19, 16, 3, 6, 7, 11, 9, 15, 2, 5, 14, 23, 12, 25, 21, 20, 22, 8, 10, 18, 13, 4, 1]       121.7511284071377                                                                                                                                     
1               82              [1, 6, 2, 13, 21, 20, 14, 11, 23, 17, 24, 12, 19, 5, 18, 10, 4, 25, 9, 15, 22, 16, 3, 7, 8, 1]       133.68607058411516                                                                                                                                    
1               83              [1, 2, 7, 16, 22, 20, 11, 13, 23, 21, 6, 3, 18, 14, 8, 25, 15, 19, 10, 5, 9, 4, 12, 24, 17, 1]       132.9264052227026                                                                                                                                     
1               84              [1, 19, 24, 11, 9, 15, 21, 6, 7, 10, 13, 20, 22, 12, 23, 18, 4, 5, 14, 16, 17, 2, 25, 8, 3, 1]       126.70871730881018                                                                                                                                    
1               85              [1, 7, 24, 22, 11, 3, 20, 16, 17, 9, 4, 18, 25, 10, 2, 5, 8, 14, 13, 15, 6, 19, 21, 12, 23, 1]       119.85160534001703                                                                                                                                    
1               86              [1, 25, 2, 24, 21, 13, 3, 12, 17, 20, 15, 19, 22, 5, 23, 11, 10, 14, 4, 8, 9, 16, 7, 6, 18, 1]       110.77110336721077                                                                                                                                    
1               87              [1, 3, 7, 16, 19, 11, 20, 17, 4, 22, 6, 12, 18, 14, 8, 2, 15, 13, 10, 5, 9, 25, 23, 24, 21, 1]       115.97536192086785                                                                                                                                    
1               88              [1, 9, 11, 15, 18, 24, 12, 22, 7, 5, 19, 20, 23, 2, 21, 6, 4, 17, 10, 16, 14, 13, 25, 8, 3, 1]       133.22625559771816                                                                                                                                    
1               89              [1, 16, 15, 22, 11, 7, 6, 3, 17, 12, 4, 18, 25, 14, 2, 5, 21, 9, 13, 20, 10, 19, 8, 24, 23, 1]       142.35672662078758                                                                                                                                    
1               90              [1, 11, 7, 19, 22, 21, 2, 12, 23, 18, 15, 20, 25, 14, 9, 5, 16, 3, 17, 8, 10, 4, 13, 6, 24, 1]       111.08378885309786                                                                                                                                    
1               91              [1, 24, 22, 25, 19, 11, 23, 17, 21, 16, 6, 10, 2, 13, 4, 12, 9, 14, 20, 8, 5, 15, 3, 18, 7, 1]       133.16814684222157                                                                                                                                    
1               92              [1, 20, 7, 15, 25, 24, 12, 22, 13, 5, 19, 11, 23, 2, 21, 6, 4, 18, 10, 3, 9, 14, 16, 8, 17, 1]       122.79024612607118                                                                                                                                    
1               93              [1, 2, 7, 13, 22, 18, 9, 12, 3, 14, 25, 15, 6, 16, 17, 19, 21, 11, 23, 8, 10, 5, 24, 4, 20, 1]       139.05832230759458                                                                                                                                    
1               94              [1, 2, 5, 18, 3, 4, 7, 6, 16, 14, 8, 25, 12, 21, 23, 19, 15, 9, 24, 17, 22, 13, 20, 10, 11, 1]       129.93693294089377                                                                                                                                    
1               95              [1, 5, 21, 15, 18, 22, 23, 6, 25, 14, 8, 17, 16, 13, 20, 3, 2, 7, 24, 19, 10, 4, 12, 9, 11, 1]       138.6366886396285                                                                                                                                     
1               96              [1, 21, 24, 22, 9, 10, 4, 8, 16, 25, 7, 6, 12, 23, 11, 18, 14, 13, 15, 3, 19, 20, 5, 2, 17, 1]       116.86979585413216                                                                                                                                    
1               97              [1, 22, 17, 5, 7, 10, 13, 6, 9, 18, 19, 15, 11, 16, 2, 20, 12, 3, 23, 8, 25, 21, 24, 14, 4, 1]       122.42026992037731                                                                                                                                    
1               98              [1, 11, 12, 23, 3, 4, 14, 18, 13, 15, 5, 8, 2, 16, 19, 21, 22, 7, 9, 6, 24, 10, 25, 20, 17, 1]       122.16694563625883                                                                                                                                    
1               99              [1, 4, 21, 25, 24, 9, 17, 2, 14, 13, 8, 7, 23, 6, 12, 3, 19, 16, 10, 20, 5, 18, 22, 15, 11, 1]       125.83247378353039                                                                                                                                    
1               100             [1, 23, 17, 2, 9, 7, 15, 25, 16, 3, 11, 8, 13, 12, 22, 21, 14, 19, 10, 4, 24, 20, 18, 5, 6, 1]       130.3981515336821                                                                                                                                     

1               51              [1, 10, 8, 7, 3, 21, 22, 13, 17, 5, 14, 11, 19, 4, 15, 2, 20, 23, 6, 18, 25, 24, 12, 9, 16, 1]       102.13644250877607                                                                                                                                    
1               52              [1, 24, 25, 15, 19, 7, 16, 8, 17, 5, 6, 3, 23, 21, 20, 14, 4, 9, 2, 22, 11, 13, 18, 10, 12, 1]       110.75627945275875                                                                                                                                    
1               86              [1, 25, 2, 24, 21, 13, 3, 12, 17, 20, 15, 19, 22, 5, 23, 11, 10, 14, 4, 8, 9, 16, 7, 6, 18, 1]       110.77110336721077                                                                                                                                    
1               28              [1, 12, 25, 6, 7, 8, 16, 24, 17, 5, 22, 19, 23, 21, 20, 15, 4, 14, 9, 3, 11, 10, 18, 2, 13, 1]       110.8552112442527                                                                                                                                     
1               53              [1, 12, 21, 10, 5, 7, 25, 24, 3, 22, 2, 11, 16, 23, 20, 17, 4, 15, 9, 8, 6, 19, 18, 13, 14, 1]       110.9174636449055                                                                                                                                     
1               90              [1, 11, 7, 19, 22, 21, 2, 12, 23, 18, 15, 20, 25, 14, 9, 5, 16, 3, 17, 8, 10, 4, 13, 6, 24, 1]       111.08378885309786                                                                                                                                    
1               75              [1, 23, 17, 25, 24, 9, 15, 2, 16, 3, 11, 7, 8, 6, 22, 18, 14, 13, 10, 4, 5, 20, 19, 21, 12, 1]       111.44750084431416                                                                                                                                    
1               61              [1, 25, 24, 22, 11, 7, 20, 9, 17, 3, 4, 18, 19, 10, 2, 5, 8, 14, 13, 15, 6, 16, 21, 12, 23, 1]       111.94019495301794                                                                                                                                    
1               76              [1, 10, 15, 7, 3, 8, 16, 24, 17, 5, 6, 11, 19, 21, 20, 14, 4, 23, 2, 22, 25, 13, 18, 9, 12, 1]       113.67430546683963                                                                                                                                    
1               36              [1, 25, 11, 19, 18, 15, 21, 6, 7, 10, 13, 20, 22, 12, 23, 24, 4, 5, 9, 16, 17, 2, 8, 14, 3, 1]       114.08222553138665                                                                                                                                    
1               44              [1, 2, 24, 19, 22, 21, 4, 8, 13, 25, 7, 20, 12, 23, 9, 16, 6, 18, 15, 3, 10, 14, 5, 17, 11, 1]       114.9959424226084                                                                                                                                     
1               67              [1, 20, 22, 15, 18, 25, 23, 6, 21, 5, 12, 17, 8, 13, 24, 19, 2, 14, 10, 11, 3, 4, 16, 9, 7, 1]       115.13256345019254                                                                                                                                    
1               87              [1, 3, 7, 16, 19, 11, 20, 17, 4, 22, 6, 12, 18, 14, 8, 2, 15, 13, 10, 5, 9, 25, 23, 24, 21, 1]       115.97536192086785                                                                                                                                    
1               56              [1, 24, 17, 11, 16, 4, 9, 7, 3, 22, 2, 5, 25, 23, 20, 18, 21, 15, 8, 10, 13, 19, 12, 6, 14, 1]       116.33687684229228                                                                                                                                    
1               96              [1, 21, 24, 22, 9, 10, 4, 8, 16, 25, 7, 6, 12, 23, 11, 18, 14, 13, 15, 3, 19, 20, 5, 2, 17, 1]       116.86979585413216                                                                                                                                    
1               55              [1, 3, 25, 6, 16, 8, 17, 24, 23, 5, 9, 11, 19, 21, 20, 14, 4, 7, 2, 15, 22, 13, 18, 10, 12, 1]       116.99805715479704                                                                                                                                    
1               80              [1, 3, 24, 15, 7, 8, 16, 12, 23, 5, 6, 19, 25, 20, 4, 18, 21, 9, 2, 22, 11, 13, 14, 10, 17, 1]       117.03971652646109                                                                                                                                    
1               77              [1, 24, 25, 10, 16, 4, 9, 7, 3, 22, 2, 21, 18, 23, 20, 17, 11, 15, 5, 8, 6, 19, 12, 13, 14, 1]       117.77145491416735                                                                                                                                    
1               57              [1, 6, 17, 19, 13, 3, 14, 11, 24, 9, 15, 2, 5, 16, 23, 12, 25, 21, 20, 22, 8, 10, 18, 7, 4, 1]       118.02457753377854                                                                                                                                    
1               71              [1, 21, 24, 13, 23, 22, 4, 17, 25, 14, 8, 5, 16, 6, 20, 3, 9, 7, 15, 19, 10, 18, 12, 2, 11, 1]       118.27953625931056                                                                                                                                    
1               14              [1, 3, 12, 23, 24, 17, 14, 18, 13, 15, 11, 7, 2, 6, 4, 8, 19, 16, 9, 20, 5, 10, 25, 21, 22, 1]       118.45529985927483                                                                                                                                    
1               54              [1, 6, 20, 13, 22, 23, 14, 11, 24, 18, 21, 12, 9, 16, 15, 10, 19, 25, 5, 2, 17, 4, 3, 7, 8, 1]       118.46618461940162                                                                                                                                    
1               31              [1, 24, 25, 10, 16, 8, 9, 18, 3, 22, 2, 21, 19, 23, 11, 17, 20, 7, 5, 15, 6, 4, 12, 13, 14, 1]       118.5599365816504                                                                                                                                     
1               17              [1, 10, 2, 7, 8, 18, 6, 4, 21, 24, 17, 25, 3, 12, 15, 13, 23, 22, 11, 19, 20, 14, 9, 16, 5, 1]       118.57253035318925                                                                                                                                    
1               85              [1, 7, 24, 22, 11, 3, 20, 16, 17, 9, 4, 18, 25, 10, 2, 5, 8, 14, 13, 15, 6, 19, 21, 12, 23, 1]       119.85160534001703                                                                                                                                    
1               5               [1, 19, 24, 4, 13, 3, 7, 16, 11, 9, 15, 2, 5, 14, 23, 12, 25, 21, 20, 22, 8, 10, 18, 6, 17, 1]       120.51027737693127                                                                                                                                    
1               65              [1, 11, 15, 13, 22, 18, 2, 3, 19, 12, 25, 23, 7, 14, 17, 20, 21, 9, 4, 16, 10, 5, 8, 6, 24, 1]       120.54457678190845                                                                                                                                    
1               38              [1, 9, 11, 25, 21, 13, 2, 6, 17, 20, 15, 19, 22, 12, 23, 5, 10, 14, 4, 16, 24, 18, 7, 8, 3, 1]       120.69639023748603                                                                                                                                    
1               22              [1, 19, 11, 4, 22, 25, 15, 7, 16, 9, 23, 2, 20, 5, 8, 17, 13, 3, 6, 18, 10, 12, 24, 21, 14, 1]       120.9718696621828                                                                                                                                     
1               18              [1, 3, 16, 2, 24, 21, 10, 25, 13, 15, 18, 20, 23, 14, 5, 17, 12, 6, 22, 19, 8, 7, 4, 9, 11, 1]       121.17105202670572                                                                                                                                    
1               41              [1, 24, 15, 13, 19, 11, 6, 3, 14, 22, 25, 23, 2, 7, 17, 12, 21, 9, 4, 16, 10, 5, 8, 18, 20, 1]       121.36936555818689                                                                                                                                    
1               40              [1, 11, 7, 25, 21, 24, 2, 12, 18, 20, 15, 19, 22, 3, 23, 5, 4, 17, 10, 8, 9, 13, 16, 6, 14, 1]       121.6916574889231                                                                                                                                     
1               81              [1, 24, 17, 19, 16, 3, 6, 7, 11, 9, 15, 2, 5, 14, 23, 12, 25, 21, 20, 22, 8, 10, 18, 13, 4, 1]       121.7511284071377                                                                                                                                     
1               98              [1, 11, 12, 23, 3, 4, 14, 18, 13, 15, 5, 8, 2, 16, 19, 21, 22, 7, 9, 6, 24, 10, 25, 20, 17, 1]       122.16694563625883                                                                                                                                    
1               97              [1, 22, 17, 5, 7, 10, 13, 6, 9, 18, 19, 15, 11, 16, 2, 20, 12, 3, 23, 8, 25, 21, 24, 14, 4, 1]       122.42026992037731                                                                                                                                    
1               24              [1, 21, 25, 17, 24, 13, 19, 23, 11, 20, 14, 16, 15, 6, 5, 9, 2, 7, 8, 3, 12, 22, 10, 18, 4, 1]       122.53691797028165                                                                                                                                    
1               64              [1, 16, 7, 15, 25, 24, 20, 22, 18, 5, 4, 11, 23, 10, 2, 6, 8, 17, 13, 3, 9, 19, 21, 12, 14, 1]       122.57930402643159                                                                                                                                    
1               37              [1, 3, 7, 16, 22, 20, 11, 13, 4, 23, 6, 12, 18, 14, 2, 5, 8, 19, 10, 15, 9, 25, 21, 24, 17, 1]       122.70583170485439                                                                                                                                    
1               92              [1, 20, 7, 15, 25, 24, 12, 22, 13, 5, 19, 11, 23, 2, 21, 6, 4, 18, 10, 3, 9, 14, 16, 8, 17, 1]       122.79024612607118                                                                                                                                    
1               47              [1, 22, 21, 13, 23, 11, 2, 17, 25, 14, 8, 5, 16, 6, 20, 3, 9, 7, 24, 19, 10, 18, 12, 15, 4, 1]       123.18225520473156                                                                                                                                    
1               66              [1, 24, 7, 25, 19, 21, 15, 5, 23, 22, 6, 20, 2, 14, 9, 12, 16, 3, 17, 8, 10, 4, 13, 18, 11, 1]       123.46931665066255                                                                                                                                    
1               34              [1, 19, 2, 7, 21, 20, 3, 12, 23, 17, 24, 13, 25, 5, 6, 11, 4, 10, 9, 15, 22, 16, 8, 14, 18, 1]       123.55234138970506                                                                                                                                    
1               3               [1, 3, 25, 15, 7, 4, 16, 24, 14, 22, 2, 19, 23, 21, 20, 17, 11, 9, 5, 8, 6, 13, 18, 10, 12, 1]       123.88923194880296                                                                                                                                    
1               58              [1, 2, 18, 7, 21, 20, 3, 12, 23, 17, 24, 13, 19, 5, 6, 25, 4, 10, 9, 15, 22, 16, 8, 14, 11, 1]       123.97272806843704                                                                                                                                    
1               12              [1, 11, 5, 13, 3, 4, 7, 6, 16, 14, 8, 25, 12, 21, 23, 19, 15, 9, 24, 2, 22, 18, 20, 10, 17, 1]       124.4703114462453                                                                                                                                     
1               16              [1, 5, 23, 12, 14, 10, 2, 21, 6, 16, 7, 18, 17, 22, 25, 15, 9, 13, 20, 24, 19, 3, 8, 4, 11, 1]       124.59197540134082                                                                                                                                    
1               78              [1, 12, 20, 6, 22, 23, 14, 11, 24, 18, 21, 8, 9, 16, 15, 10, 19, 25, 5, 2, 17, 4, 3, 7, 13, 1]       124.59685970615027                                                                                                                                    
1               11              [1, 21, 24, 22, 20, 10, 9, 12, 3, 25, 7, 15, 6, 16, 11, 19, 4, 18, 23, 8, 13, 14, 5, 2, 17, 1]       124.67385838094457                                                                                                                                    
1               69              [1, 2, 7, 5, 22, 10, 9, 12, 23, 14, 18, 15, 6, 16, 25, 19, 21, 3, 17, 8, 13, 20, 24, 4, 11, 1]       125.64466440912395                                                                                                                                    
1               59              [1, 19, 7, 16, 22, 20, 11, 13, 4, 21, 6, 12, 18, 14, 8, 2, 15, 3, 10, 5, 9, 25, 23, 24, 17, 1]       125.69224413501941                                                                                                                                    
1               79              [1, 6, 13, 11, 2, 21, 7, 4, 17, 18, 9, 19, 16, 14, 24, 25, 3, 20, 10, 15, 22, 23, 12, 5, 8, 1]       125.73760629174204                                                                                                                                    
1               8               [1, 11, 23, 25, 19, 21, 20, 17, 14, 22, 6, 10, 2, 7, 4, 12, 9, 13, 16, 8, 5, 15, 3, 18, 24, 1]       125.75357028370058                                                                                                                                    
1               99              [1, 4, 21, 25, 24, 9, 17, 2, 14, 13, 8, 7, 23, 6, 12, 3, 19, 16, 10, 20, 5, 18, 22, 15, 11, 1]       125.83247378353039                                                                                                                                    
1               43              [1, 2, 22, 15, 18, 25, 23, 6, 21, 16, 12, 17, 8, 13, 24, 19, 7, 14, 4, 11, 3, 5, 10, 9, 20, 1]       126.48334309905957                                                                                                                                    
1               7               [1, 9, 24, 22, 11, 15, 20, 6, 7, 3, 4, 18, 25, 10, 2, 5, 8, 14, 13, 16, 17, 19, 21, 12, 23, 1]       126.52188295787481                                                                                                                                    
1               84              [1, 19, 24, 11, 9, 15, 21, 6, 7, 10, 13, 20, 22, 12, 23, 18, 4, 5, 14, 16, 17, 2, 25, 8, 3, 1]       126.70871730881018                                                                                                                                    
1               35              [1, 7, 17, 16, 22, 3, 6, 13, 11, 21, 15, 12, 18, 14, 8, 2, 25, 19, 20, 5, 9, 10, 23, 24, 4, 1]       126.7897597714723                                                                                                                                     
1               50              [1, 23, 12, 22, 9, 17, 15, 18, 13, 3, 11, 8, 2, 16, 19, 21, 14, 7, 10, 4, 24, 20, 25, 5, 6, 1]       127.94328893076533                                                                                                                                    
1               1               [1, 10, 12, 23, 3, 7, 25, 8, 15, 5, 14, 11, 19, 6, 21, 22, 18, 13, 20, 2, 9, 24, 4, 17, 16, 1]       128.37523772501225                                                                                                                                    
1               60              [1, 7, 17, 19, 18, 15, 21, 6, 11, 9, 13, 2, 22, 14, 23, 12, 4, 5, 20, 16, 8, 10, 25, 24, 3, 1]       128.42344917658477                                                                                                                                    
1               21              [1, 11, 17, 10, 14, 23, 12, 8, 5, 6, 16, 9, 24, 19, 13, 2, 25, 7, 20, 4, 22, 15, 3, 21, 18, 1]       128.97501645148532                                                                                                                                    
1               6               [1, 25, 2, 7, 22, 20, 3, 13, 4, 21, 6, 12, 18, 14, 8, 11, 15, 19, 10, 5, 9, 16, 23, 24, 17, 1]       129.64427552784372                                                                                                                                    
1               94              [1, 2, 5, 18, 3, 4, 7, 6, 16, 14, 8, 25, 12, 21, 23, 19, 15, 9, 24, 17, 22, 13, 20, 10, 11, 1]       129.93693294089377                                                                                                                                    
1               100             [1, 23, 17, 2, 9, 7, 15, 25, 16, 3, 11, 8, 13, 12, 22, 21, 14, 19, 10, 4, 24, 20, 18, 5, 6, 1]       130.3981515336821                                                                                                                                     
1               20              [1, 20, 19, 3, 10, 5, 12, 14, 13, 8, 6, 15, 9, 11, 18, 24, 16, 7, 25, 22, 2, 23, 4, 17, 21, 1]       130.49326892162162                                                                                                                                    
1               27              [1, 24, 10, 11, 2, 21, 7, 4, 17, 18, 14, 19, 16, 6, 15, 13, 3, 20, 5, 8, 9, 23, 12, 22, 25, 1]       131.49072207287549                                                                                                                                    
1               72              [1, 22, 7, 2, 17, 10, 9, 12, 3, 14, 11, 15, 8, 16, 25, 18, 21, 13, 23, 4, 24, 20, 19, 5, 6, 1]       131.68651003284495                                                                                                                                    
1               42              [1, 20, 7, 19, 22, 21, 15, 5, 23, 18, 12, 11, 25, 2, 9, 24, 16, 3, 17, 8, 10, 4, 13, 6, 14, 1]       131.85038590638345                                                                                                                                    
1               46              [1, 21, 5, 18, 3, 4, 7, 6, 16, 14, 8, 25, 12, 23, 11, 19, 15, 9, 24, 2, 22, 13, 20, 10, 17, 1]       131.95681026024954                                                                                                                                    
1               9               [1, 20, 15, 13, 22, 18, 6, 3, 19, 12, 25, 23, 7, 2, 17, 11, 21, 9, 4, 16, 10, 5, 8, 24, 14, 1]       132.24236501855873                                                                                                                                    
1               63              [1, 9, 23, 19, 18, 11, 20, 17, 7, 22, 6, 10, 2, 12, 4, 24, 21, 13, 14, 16, 5, 15, 25, 8, 3, 1]       132.4887736151605                                                                                                                                     
1               45              [1, 5, 22, 4, 17, 10, 9, 12, 3, 14, 18, 15, 6, 16, 25, 19, 21, 11, 23, 8, 13, 20, 24, 2, 7, 1]       132.65664941265618                                                                                                                                    
1               4               [1, 6, 13, 11, 16, 23, 17, 18, 24, 21, 9, 3, 19, 14, 15, 25, 20, 7, 10, 2, 22, 4, 12, 5, 8, 1]       132.83268769206572                                                                                                                                    
1               83              [1, 2, 7, 16, 22, 20, 11, 13, 23, 21, 6, 3, 18, 14, 8, 25, 15, 19, 10, 5, 9, 4, 12, 24, 17, 1]       132.9264052227026                                                                                                                                     
1               91              [1, 24, 22, 25, 19, 11, 23, 17, 21, 16, 6, 10, 2, 13, 4, 12, 9, 14, 20, 8, 5, 15, 3, 18, 7, 1]       133.16814684222157                                                                                                                                    
1               88              [1, 9, 11, 15, 18, 24, 12, 22, 7, 5, 19, 20, 23, 2, 21, 6, 4, 17, 10, 16, 14, 13, 25, 8, 3, 1]       133.22625559771816                                                                                                                                    
1               82              [1, 6, 2, 13, 21, 20, 14, 11, 23, 17, 24, 12, 19, 5, 18, 10, 4, 25, 9, 15, 22, 16, 3, 7, 8, 1]       133.68607058411516                                                                                                                                    
1               29              [1, 6, 25, 10, 16, 4, 9, 7, 3, 22, 2, 21, 18, 23, 20, 17, 11, 15, 5, 24, 14, 19, 12, 13, 8, 1]       133.9459809745131                                                                                                                                     
1               49              [1, 4, 17, 24, 7, 16, 22, 6, 25, 18, 19, 15, 11, 23, 2, 20, 9, 3, 5, 8, 10, 21, 12, 14, 13, 1]       134.00971930945798                                                                                                                                    
1               48              [1, 11, 5, 2, 9, 7, 15, 25, 16, 3, 6, 21, 8, 12, 23, 18, 14, 13, 24, 4, 22, 20, 19, 10, 17, 1]       134.5446517180501                                                                                                                                     
1               70              [1, 5, 22, 15, 18, 4, 7, 6, 16, 14, 8, 25, 12, 21, 23, 19, 2, 9, 24, 11, 3, 13, 20, 10, 17, 1]       134.81685611066357                                                                                                                                    
1               10              [1, 2, 22, 19, 18, 21, 15, 5, 23, 16, 12, 17, 25, 13, 9, 24, 7, 14, 20, 8, 3, 4, 10, 6, 11, 1]       135.21547074585047                                                                                                                                    
1               39              [1, 16, 24, 25, 19, 11, 20, 17, 14, 22, 6, 10, 2, 7, 4, 12, 9, 13, 21, 8, 5, 15, 3, 18, 23, 1]       135.69239133030044                                                                                                                                    
1               73              [1, 11, 5, 18, 7, 16, 22, 6, 9, 14, 19, 15, 13, 23, 2, 20, 12, 3, 24, 8, 25, 21, 4, 10, 17, 1]       135.76945459346766                                                                                                                                    
1               2               [1, 12, 21, 6, 2, 7, 25, 4, 23, 18, 14, 11, 16, 9, 17, 15, 3, 20, 5, 24, 19, 10, 8, 22, 13, 1]       136.96484190099966                                                                                                                                    
1               62              [1, 3, 7, 16, 22, 20, 11, 13, 17, 21, 15, 12, 18, 14, 8, 2, 10, 19, 4, 5, 9, 25, 23, 6, 24, 1]       137.34709996804077                                                                                                                                    
1               32              [1, 6, 24, 11, 22, 16, 14, 12, 23, 18, 21, 5, 9, 20, 15, 10, 19, 25, 8, 2, 13, 4, 3, 7, 17, 1]       138.2002301236577                                                                                                                                     
1               95              [1, 5, 21, 15, 18, 22, 23, 6, 25, 14, 8, 17, 16, 13, 20, 3, 2, 7, 24, 19, 10, 4, 12, 9, 11, 1]       138.6366886396285                                                                                                                                     
1               30              [1, 3, 20, 13, 7, 23, 16, 11, 24, 5, 6, 12, 9, 21, 15, 14, 19, 25, 2, 22, 17, 4, 18, 10, 8, 1]       139.03519638470235                                                                                                                                    
1               93              [1, 2, 7, 13, 22, 18, 9, 12, 3, 14, 25, 15, 6, 16, 17, 19, 21, 11, 23, 8, 10, 5, 24, 4, 20, 1]       139.05832230759458                                                                                                                                    
1               13              [1, 23, 17, 24, 7, 16, 22, 6, 9, 18, 19, 15, 11, 12, 2, 20, 14, 3, 10, 8, 25, 21, 4, 5, 13, 1]       140.9035911642213                                                                                                                                     
1               33              [1, 2, 17, 19, 13, 8, 6, 16, 11, 21, 9, 3, 5, 14, 23, 12, 25, 7, 20, 15, 22, 10, 18, 24, 4, 1]       141.5500512804159                                                                                                                                     
1               68              [1, 2, 15, 22, 20, 10, 6, 8, 13, 25, 7, 9, 12, 23, 11, 16, 21, 18, 4, 3, 19, 14, 5, 24, 17, 1]       141.97026666259816                                                                                                                                    
1               23              [1, 8, 13, 7, 23, 3, 19, 2, 25, 12, 21, 14, 10, 20, 5, 11, 4, 24, 17, 18, 9, 22, 6, 16, 15, 1]       142.19590167849458                                                                                                                                    
1               89              [1, 16, 15, 22, 11, 7, 6, 3, 17, 12, 4, 18, 25, 14, 2, 5, 21, 9, 13, 20, 10, 19, 8, 24, 23, 1]       142.35672662078758                                                                                                                                    
1               26              [1, 10, 21, 6, 3, 7, 22, 24, 8, 5, 14, 11, 19, 4, 17, 15, 20, 23, 9, 18, 25, 13, 12, 2, 16, 1]       143.59407192555224                                                                                                                                    
1               74              [1, 4, 21, 13, 23, 17, 14, 18, 25, 15, 5, 8, 2, 16, 19, 3, 11, 7, 9, 6, 24, 10, 12, 20, 22, 1]       144.46423646502228                                                                                                                                    
1               25              [1, 8, 21, 12, 7, 16, 22, 4, 24, 9, 11, 18, 3, 5, 23, 13, 10, 17, 20, 2, 14, 6, 15, 25, 19, 1]       146.0475190076146                                                                                                                                     
1               19              [1, 16, 20, 8, 24, 10, 18, 15, 17, 2, 4, 5, 19, 14, 12, 25, 11, 7, 9, 3, 23, 13, 21, 6, 22, 1]       149.80939501568153                                                                                                                                    
1               15              [1, 14, 18, 10, 12, 2, 16, 21, 15, 11, 17, 23, 3, 24, 8, 25, 22, 4, 20, 7, 13, 5, 6, 9, 19, 1]       151.98561392143299                                                                                                                                    
